#   Ba    Y   Cu    O
#    2    1    3    7
# Energy [cm^-1], TOTAL-DOS
   1.097373e-10   0.000000e+00
   5.000000e-01   5.108056e-07
   1.000000e+00   2.043222e-06
   1.500000e+00   4.597250e-06
   2.000000e+00   8.172890e-06
   2.500000e+00   1.277014e-05
   3.000000e+00   1.838900e-05
   3.500000e+00   2.502947e-05
   4.000000e+00   3.269156e-05
   4.500000e+00   4.137525e-05
   5.000000e+00   5.108056e-05
   5.500000e+00   6.180748e-05
   6.000000e+00   7.355601e-05
   6.500000e+00   8.632615e-05
   7.000000e+00   1.001179e-04
   7.500000e+00   1.149313e-04
   8.000000e+00   1.307662e-04
   8.500000e+00   1.476228e-04
   9.000000e+00   1.655082e-04
   9.500000e+00   1.859232e-04
   1.000000e+01   2.100021e-04
   1.050000e+01   2.383210e-04
   1.100000e+01   2.720785e-04
   1.150000e+01   3.118754e-04
   1.200000e+01   3.546987e-04
   1.250000e+01   4.000828e-04
   1.300000e+01   4.480277e-04
   1.350000e+01   4.985335e-04
   1.400000e+01   5.516002e-04
   1.450000e+01   6.072549e-04
   1.500000e+01   6.842929e-04
   1.550000e+01   7.622390e-04
   1.600000e+01   8.376459e-04
   1.650000e+01   9.105135e-04
   1.700000e+01   9.808419e-04
   1.750000e+01   1.049408e-03
   1.800000e+01   1.116997e-03
   1.850000e+01   1.183390e-03
   1.900000e+01   1.252945e-03
   1.950000e+01   1.328783e-03
   2.000000e+01   1.410749e-03
   2.050000e+01   1.494222e-03
   2.100000e+01   1.581159e-03
   2.150000e+01   1.670463e-03
   2.200000e+01   1.762138e-03
   2.250000e+01   1.856928e-03
   2.300000e+01   1.953349e-03
   2.350000e+01   2.053450e-03
   2.400000e+01   2.157826e-03
   2.450000e+01   2.263254e-03
   2.500000e+01   2.369811e-03
   2.550000e+01   2.477575e-03
   2.600000e+01   2.586371e-03
   2.650000e+01   2.698795e-03
   2.700000e+01   2.817173e-03
   2.750000e+01   2.941454e-03
   2.800000e+01   3.069182e-03
   2.850000e+01   3.199622e-03
   2.900000e+01   3.333826e-03
   2.950000e+01   3.472684e-03
   3.000000e+01   3.617944e-03
   3.050000e+01   3.780736e-03
   3.100000e+01   3.951785e-03
   3.150000e+01   4.128116e-03
   3.200000e+01   4.306741e-03
   3.250000e+01   4.483530e-03
   3.300000e+01   4.665989e-03
   3.350000e+01   4.856586e-03
   3.400000e+01   5.057627e-03
   3.450000e+01   5.273174e-03
   3.500000e+01   5.509867e-03
   3.550000e+01   5.754805e-03
   3.600000e+01   6.005682e-03
   3.650000e+01   6.262450e-03
   3.700000e+01   6.520038e-03
   3.750000e+01   6.794439e-03
   3.800000e+01   7.076469e-03
   3.850000e+01   7.360609e-03
   3.900000e+01   7.652818e-03
   3.950000e+01   7.947182e-03
   4.000000e+01   8.222336e-03
   4.050000e+01   8.401671e-03
   4.100000e+01   8.579313e-03
   4.150000e+01   8.781932e-03
   4.200000e+01   9.005538e-03
   4.250000e+01   9.218672e-03
   4.300000e+01   9.421569e-03
   4.350000e+01   9.604654e-03
   4.400000e+01   9.783262e-03
   4.450000e+01   9.970321e-03
   4.500000e+01   1.016767e-02
   4.550000e+01   1.037285e-02
   4.600000e+01   1.058160e-02
   4.650000e+01   1.079537e-02
   4.700000e+01   1.103313e-02
   4.750000e+01   1.127575e-02
   4.800000e+01   1.147551e-02
   4.850000e+01   1.164720e-02
   4.900000e+01   1.180256e-02
   4.950000e+01   1.197178e-02
   5.000000e+01   1.216393e-02
   5.050000e+01   1.237343e-02
   5.100000e+01   1.259960e-02
   5.150000e+01   1.283857e-02
   5.200000e+01   1.308204e-02
   5.250000e+01   1.333383e-02
   5.300000e+01   1.361447e-02
   5.350000e+01   1.391920e-02
   5.400000e+01   1.425358e-02
   5.450000e+01   1.464883e-02
   5.500000e+01   1.511196e-02
   5.550000e+01   1.561922e-02
   5.600000e+01   1.610860e-02
   5.650000e+01   1.657261e-02
   5.700000e+01   1.702520e-02
   5.750000e+01   1.746230e-02
   5.800000e+01   1.793284e-02
   5.850000e+01   1.840973e-02
   5.900000e+01   1.887519e-02
   5.950000e+01   1.933775e-02
   6.000000e+01   1.980071e-02
   6.050000e+01   2.024306e-02
   6.100000e+01   2.070811e-02
   6.150000e+01   2.126627e-02
   6.200000e+01   2.195594e-02
   6.250000e+01   2.273628e-02
   6.300000e+01   2.352799e-02
   6.350000e+01   2.430234e-02
   6.400000e+01   2.499900e-02
   6.450000e+01   2.560982e-02
   6.500000e+01   2.647969e-02
   6.550000e+01   2.753563e-02
   6.600000e+01   2.849873e-02
   6.650000e+01   2.930601e-02
   6.700000e+01   3.004099e-02
   6.750000e+01   3.086191e-02
   6.800000e+01   3.168137e-02
   6.850000e+01   3.253118e-02
   6.900000e+01   3.343325e-02
   6.950000e+01   3.442677e-02
   7.000000e+01   3.526029e-02
   7.050000e+01   3.611129e-02
   7.100000e+01   3.708241e-02
   7.150000e+01   3.824743e-02
   7.200000e+01   3.962586e-02
   7.250000e+01   4.114100e-02
   7.300000e+01   4.270777e-02
   7.350000e+01   4.441893e-02
   7.400000e+01   4.637735e-02
   7.450000e+01   4.811179e-02
   7.500000e+01   4.962116e-02
   7.550000e+01   5.103977e-02
   7.600000e+01   5.210083e-02
   7.650000e+01   5.319204e-02
   7.700000e+01   5.444588e-02
   7.750000e+01   5.583356e-02
   7.800000e+01   5.703667e-02
   7.850000e+01   5.840612e-02
   7.900000e+01   6.018982e-02
   7.950000e+01   6.249324e-02
   8.000000e+01   6.518673e-02
   8.050000e+01   6.784528e-02
   8.100000e+01   7.030415e-02
   8.150000e+01   7.283467e-02
   8.200000e+01   7.606294e-02
   8.250000e+01   8.025973e-02
   8.300000e+01   8.513797e-02
   8.350000e+01   9.026840e-02
   8.400000e+01   1.022973e-01
   8.450000e+01   1.062009e-01
   8.500000e+01   1.092910e-01
   8.550000e+01   1.149831e-01
   8.600000e+01   1.231911e-01
   8.650000e+01   1.335539e-01
   8.700000e+01   1.797608e-01
   8.750000e+01   2.093917e-01
   8.800000e+01   1.653500e-01
   8.850000e+01   1.485112e-01
   8.900000e+01   1.477677e-01
   8.950000e+01   1.458817e-01
   9.000000e+01   1.551232e-01
   9.050000e+01   1.484113e-01
   9.100000e+01   1.441200e-01
   9.150000e+01   1.444771e-01
   9.200000e+01   1.492247e-01
   9.250000e+01   1.529473e-01
   9.300000e+01   1.558164e-01
   9.350000e+01   1.651643e-01
   9.400000e+01   1.663387e-01
   9.450000e+01   2.104019e-01
   9.500000e+01   1.813336e-01
   9.550000e+01   1.829195e-01
   9.600000e+01   1.715116e-01
   9.650000e+01   1.702405e-01
   9.700000e+01   1.592508e-01
   9.750000e+01   1.610627e-01
   9.800000e+01   1.568517e-01
   9.850000e+01   1.507818e-01
   9.900000e+01   1.469195e-01
   9.950000e+01   1.444977e-01
   1.000000e+02   1.435674e-01
   1.005000e+02   1.435085e-01
   1.010000e+02   1.456952e-01
   1.015000e+02   1.438558e-01
   1.020000e+02   1.409391e-01
   1.025000e+02   1.376762e-01
   1.030000e+02   1.364872e-01
   1.035000e+02   1.357851e-01
   1.040000e+02   1.382690e-01
   1.045000e+02   1.326885e-01
   1.050000e+02   1.293209e-01
   1.055000e+02   1.399275e-01
   1.060000e+02   1.448941e-01
   1.065000e+02   1.474006e-01
   1.070000e+02   1.477504e-01
   1.075000e+02   1.383113e-01
   1.080000e+02   1.360393e-01
   1.085000e+02   1.538223e-01
   1.090000e+02   1.735533e-01
   1.095000e+02   1.785081e-01
   1.100000e+02   1.743192e-01
   1.105000e+02   1.832387e-01
   1.110000e+02   1.750708e-01
   1.115000e+02   1.911432e-01
   1.120000e+02   1.656863e-01
   1.125000e+02   1.674448e-01
   1.130000e+02   1.721245e-01
   1.135000e+02   1.490312e-01
   1.140000e+02   1.328581e-01
   1.145000e+02   1.132160e-01
   1.150000e+02   9.425076e-02
   1.155000e+02   8.367391e-02
   1.160000e+02   7.706296e-02
   1.165000e+02   7.408878e-02
   1.170000e+02   7.150022e-02
   1.175000e+02   6.781314e-02
   1.180000e+02   6.424016e-02
   1.185000e+02   6.335581e-02
   1.190000e+02   6.547921e-02
   1.195000e+02   7.941637e-02
   1.200000e+02   7.655221e-02
   1.205000e+02   7.210695e-02
   1.210000e+02   6.921266e-02
   1.215000e+02   6.944217e-02
   1.220000e+02   7.813858e-02
   1.225000e+02   8.979582e-02
   1.230000e+02   8.609813e-02
   1.235000e+02   7.765012e-02
   1.240000e+02   8.694901e-02
   1.245000e+02   7.932759e-02
   1.250000e+02   8.402201e-02
   1.255000e+02   9.006595e-02
   1.260000e+02   9.420561e-02
   1.265000e+02   9.737798e-02
   1.270000e+02   1.013934e-01
   1.275000e+02   1.052501e-01
   1.280000e+02   1.103261e-01
   1.285000e+02   1.158864e-01
   1.290000e+02   1.422321e-01
   1.295000e+02   1.239449e-01
   1.300000e+02   1.035158e-01
   1.305000e+02   1.302799e-01
   1.310000e+02   1.242502e-01
   1.315000e+02   1.182423e-01
   1.320000e+02   1.140728e-01
   1.325000e+02   1.137011e-01
   1.330000e+02   1.185608e-01
   1.335000e+02   1.226771e-01
   1.340000e+02   1.216906e-01
   1.345000e+02   1.191552e-01
   1.350000e+02   1.208561e-01
   1.355000e+02   1.276858e-01
   1.360000e+02   1.256963e-01
   1.365000e+02   1.085049e-01
   1.370000e+02   1.047583e-01
   1.375000e+02   1.137857e-01
   1.380000e+02   1.175492e-01
   1.385000e+02   1.178078e-01
   1.390000e+02   1.126232e-01
   1.395000e+02   1.129119e-01
   1.400000e+02   1.100669e-01
   1.405000e+02   1.119908e-01
   1.410000e+02   9.951531e-02
   1.415000e+02   9.854003e-02
   1.420000e+02   1.024932e-01
   1.425000e+02   1.031792e-01
   1.430000e+02   1.117682e-01
   1.435000e+02   1.190973e-01
   1.440000e+02   1.021175e-01
   1.445000e+02   9.861637e-02
   1.450000e+02   9.809397e-02
   1.455000e+02   9.793358e-02
   1.460000e+02   1.040862e-01
   1.465000e+02   1.085307e-01
   1.470000e+02   1.149851e-01
   1.475000e+02   1.110484e-01
   1.480000e+02   1.260439e-01
   1.485000e+02   1.074517e-01
   1.490000e+02   1.089827e-01
   1.495000e+02   1.082073e-01
   1.500000e+02   1.096651e-01
   1.505000e+02   1.182617e-01
   1.510000e+02   1.121493e-01
   1.515000e+02   1.151159e-01
   1.520000e+02   1.216238e-01
   1.525000e+02   1.191991e-01
   1.530000e+02   1.272563e-01
   1.535000e+02   1.517370e-01
   1.540000e+02   2.036103e-01
   1.545000e+02   1.610764e-01
   1.550000e+02   1.662101e-01
   1.555000e+02   1.835132e-01
   1.560000e+02   1.813305e-01
   1.565000e+02   1.970923e-01
   1.570000e+02   2.330055e-01
   1.575000e+02   2.411659e-01
   1.580000e+02   2.410001e-01
   1.585000e+02   2.431047e-01
   1.590000e+02   2.430607e-01
   1.595000e+02   2.279669e-01
   1.600000e+02   2.481077e-01
   1.605000e+02   2.378996e-01
   1.610000e+02   2.089836e-01
   1.615000e+02   1.851586e-01
   1.620000e+02   1.688184e-01
   1.625000e+02   1.478323e-01
   1.630000e+02   1.418729e-01
   1.635000e+02   1.352325e-01
   1.640000e+02   1.153508e-01
   1.645000e+02   1.124024e-01
   1.650000e+02   1.188664e-01
   1.655000e+02   1.228233e-01
   1.660000e+02   1.404302e-01
   1.665000e+02   1.427934e-01
   1.670000e+02   1.421895e-01
   1.675000e+02   1.047804e-01
   1.680000e+02   9.539813e-02
   1.685000e+02   9.950080e-02
   1.690000e+02   1.110550e-01
   1.695000e+02   9.948881e-02
   1.700000e+02   9.511396e-02
   1.705000e+02   9.492063e-02
   1.710000e+02   9.668165e-02
   1.715000e+02   9.992173e-02
   1.720000e+02   2.024982e-01
   1.725000e+02   9.963616e-02
   1.730000e+02   9.675748e-02
   1.735000e+02   9.661448e-02
   1.740000e+02   9.878235e-02
   1.745000e+02   1.378325e-01
   1.750000e+02   1.550243e-01
   1.755000e+02   1.671414e-01
   1.760000e+02   1.644804e-01
   1.765000e+02   1.483744e-01
   1.770000e+02   1.612421e-01
   1.775000e+02   1.470145e-01
   1.780000e+02   1.352667e-01
   1.785000e+02   1.247990e-01
   1.790000e+02   1.072149e-01
   1.795000e+02   9.896523e-02
   1.800000e+02   1.014544e-01
   1.805000e+02   1.007836e-01
   1.810000e+02   1.149564e-01
   1.815000e+02   1.082881e-01
   1.820000e+02   1.022998e-01
   1.825000e+02   9.768875e-02
   1.830000e+02   9.690448e-02
   1.835000e+02   9.624434e-02
   1.840000e+02   1.013130e-01
   1.845000e+02   9.376724e-02
   1.850000e+02   8.770014e-02
   1.855000e+02   8.706643e-02
   1.860000e+02   8.506957e-02
   1.865000e+02   8.383304e-02
   1.870000e+02   8.544891e-02
   1.875000e+02   8.593879e-02
   1.880000e+02   8.361455e-02
   1.885000e+02   8.095262e-02
   1.890000e+02   7.981946e-02
   1.895000e+02   7.801331e-02
   1.900000e+02   7.823374e-02
   1.905000e+02   8.084764e-02
   1.910000e+02   9.240238e-02
   1.915000e+02   1.836160e-01
   1.920000e+02   2.174050e-01
   1.925000e+02   1.559929e-01
   1.930000e+02   1.298770e-01
   1.935000e+02   1.137228e-01
   1.940000e+02   1.190108e-01
   1.945000e+02   1.119568e-01
   1.950000e+02   1.038465e-01
   1.955000e+02   1.009587e-01
   1.960000e+02   9.897927e-02
   1.965000e+02   9.175868e-02
   1.970000e+02   9.107684e-02
   1.975000e+02   8.543281e-02
   1.980000e+02   8.210686e-02
   1.985000e+02   8.003745e-02
   1.990000e+02   8.365456e-02
   1.995000e+02   7.871830e-02
   2.000000e+02   7.142137e-02
   2.005000e+02   7.211776e-02
   2.010000e+02   7.152313e-02
   2.015000e+02   7.684851e-02
   2.020000e+02   8.058534e-02
   2.025000e+02   8.320119e-02
   2.030000e+02   8.128447e-02
   2.035000e+02   7.899431e-02
   2.040000e+02   8.961341e-02
   2.045000e+02   7.588700e-02
   2.050000e+02   6.758003e-02
   2.055000e+02   6.487975e-02
   2.060000e+02   6.107271e-02
   2.065000e+02   5.797596e-02
   2.070000e+02   5.565822e-02
   2.075000e+02   5.403139e-02
   2.080000e+02   5.259426e-02
   2.085000e+02   5.128483e-02
   2.090000e+02   5.116065e-02
   2.095000e+02   6.000543e-02
   2.100000e+02   6.152132e-02
   2.105000e+02   6.231007e-02
   2.110000e+02   6.453378e-02
   2.115000e+02   6.594229e-02
   2.120000e+02   7.128595e-02
   2.125000e+02   7.865333e-02
   2.130000e+02   7.204015e-02
   2.135000e+02   7.033269e-02
   2.140000e+02   7.114178e-02
   2.145000e+02   7.340939e-02
   2.150000e+02   7.733137e-02
   2.155000e+02   7.157017e-02
   2.160000e+02   7.029343e-02
   2.165000e+02   6.833603e-02
   2.170000e+02   6.744804e-02
   2.175000e+02   6.716113e-02
   2.180000e+02   6.721993e-02
   2.185000e+02   6.613405e-02
   2.190000e+02   6.445193e-02
   2.195000e+02   6.123467e-02
   2.200000e+02   5.753937e-02
   2.205000e+02   5.477836e-02
   2.210000e+02   5.348483e-02
   2.215000e+02   5.642553e-02
   2.220000e+02   5.617475e-02
   2.225000e+02   5.575240e-02
   2.230000e+02   5.601976e-02
   2.235000e+02   5.607899e-02
   2.240000e+02   5.857370e-02
   2.245000e+02   8.750709e-02
   2.250000e+02   7.966554e-02
   2.255000e+02   7.148530e-02
   2.260000e+02   7.169659e-02
   2.265000e+02   7.076804e-02
   2.270000e+02   7.059929e-02
   2.275000e+02   7.083462e-02
   2.280000e+02   7.154351e-02
   2.285000e+02   7.203879e-02
   2.290000e+02   7.474420e-02
   2.295000e+02   8.103281e-02
   2.300000e+02   8.769975e-02
   2.305000e+02   9.407037e-02
   2.310000e+02   9.353525e-02
   2.315000e+02   9.465787e-02
   2.320000e+02   9.802210e-02
   2.325000e+02   9.782882e-02
   2.330000e+02   9.775518e-02
   2.335000e+02   9.589358e-02
   2.340000e+02   9.392404e-02
   2.345000e+02   9.103751e-02
   2.350000e+02   9.295034e-02
   2.355000e+02   9.441199e-02
   2.360000e+02   8.960345e-02
   2.365000e+02   8.726553e-02
   2.370000e+02   8.656980e-02
   2.375000e+02   8.731873e-02
   2.380000e+02   8.558472e-02
   2.385000e+02   8.365394e-02
   2.390000e+02   8.069923e-02
   2.395000e+02   7.844704e-02
   2.400000e+02   8.077866e-02
   2.405000e+02   8.042693e-02
   2.410000e+02   7.847795e-02
   2.415000e+02   8.012797e-02
   2.420000e+02   8.401755e-02
   2.425000e+02   8.606350e-02
   2.430000e+02   8.779145e-02
   2.435000e+02   8.944164e-02
   2.440000e+02   8.919150e-02
   2.445000e+02   9.078891e-02
   2.450000e+02   9.054750e-02
   2.455000e+02   8.923834e-02
   2.460000e+02   8.898336e-02
   2.465000e+02   9.255874e-02
   2.470000e+02   9.744347e-02
   2.475000e+02   9.801722e-02
   2.480000e+02   9.528097e-02
   2.485000e+02   9.444713e-02
   2.490000e+02   9.512857e-02
   2.495000e+02   9.513567e-02
   2.500000e+02   9.648632e-02
   2.505000e+02   9.804482e-02
   2.510000e+02   9.955261e-02
   2.515000e+02   9.916699e-02
   2.520000e+02   9.749935e-02
   2.525000e+02   9.616706e-02
   2.530000e+02   9.671556e-02
   2.535000e+02   9.810460e-02
   2.540000e+02   9.876947e-02
   2.545000e+02   9.954667e-02
   2.550000e+02   9.953772e-02
   2.555000e+02   9.025769e-02
   2.560000e+02   8.951315e-02
   2.565000e+02   9.402730e-02
   2.570000e+02   9.267861e-02
   2.575000e+02   8.315538e-02
   2.580000e+02   8.249365e-02
   2.585000e+02   8.415745e-02
   2.590000e+02   8.377207e-02
   2.595000e+02   8.679903e-02
   2.600000e+02   9.031360e-02
   2.605000e+02   9.417816e-02
   2.610000e+02   8.918317e-02
   2.615000e+02   8.370047e-02
   2.620000e+02   7.940269e-02
   2.625000e+02   7.420924e-02
   2.630000e+02   7.175268e-02
   2.635000e+02   7.266662e-02
   2.640000e+02   7.616269e-02
   2.645000e+02   7.978500e-02
   2.650000e+02   8.140054e-02
   2.655000e+02   7.777512e-02
   2.660000e+02   7.827815e-02
   2.665000e+02   6.969498e-02
   2.670000e+02   6.419153e-02
   2.675000e+02   6.428054e-02
   2.680000e+02   7.154907e-02
   2.685000e+02   7.124806e-02
   2.690000e+02   6.793181e-02
   2.695000e+02   6.480617e-02
   2.700000e+02   5.807097e-02
   2.705000e+02   5.057393e-02
   2.710000e+02   4.838077e-02
   2.715000e+02   4.767039e-02
   2.720000e+02   4.892768e-02
   2.725000e+02   5.061128e-02
   2.730000e+02   5.307469e-02
   2.735000e+02   5.352697e-02
   2.740000e+02   5.010432e-02
   2.745000e+02   5.017542e-02
   2.750000e+02   4.594697e-02
   2.755000e+02   4.366174e-02
   2.760000e+02   4.312262e-02
   2.765000e+02   4.478903e-02
   2.770000e+02   4.634299e-02
   2.775000e+02   4.763827e-02
   2.780000e+02   4.874429e-02
   2.785000e+02   4.974945e-02
   2.790000e+02   5.063614e-02
   2.795000e+02   5.401938e-02
   2.800000e+02   5.811993e-02
   2.805000e+02   5.852934e-02
   2.810000e+02   5.894710e-02
   2.815000e+02   5.776339e-02
   2.820000e+02   5.131971e-02
   2.825000e+02   5.233226e-02
   2.830000e+02   5.263175e-02
   2.835000e+02   5.937842e-02
   2.840000e+02   6.292233e-02
   2.845000e+02   6.479677e-02
   2.850000e+02   6.262306e-02
   2.855000e+02   6.253938e-02
   2.860000e+02   6.286696e-02
   2.865000e+02   6.412188e-02
   2.870000e+02   6.529513e-02
   2.875000e+02   6.658756e-02
   2.880000e+02   6.918424e-02
   2.885000e+02   7.240136e-02
   2.890000e+02   7.869948e-02
   2.895000e+02   8.249477e-02
   2.900000e+02   7.882820e-02
   2.905000e+02   7.443517e-02
   2.910000e+02   7.087691e-02
   2.915000e+02   7.428178e-02
   2.920000e+02   7.783308e-02
   2.925000e+02   7.911719e-02
   2.930000e+02   7.215572e-02
   2.935000e+02   6.895794e-02
   2.940000e+02   6.919660e-02
   2.945000e+02   6.890399e-02
   2.950000e+02   6.966943e-02
   2.955000e+02   7.065568e-02
   2.960000e+02   6.632852e-02
   2.965000e+02   6.178618e-02
   2.970000e+02   5.998593e-02
   2.975000e+02   5.933364e-02
   2.980000e+02   6.385071e-02
   2.985000e+02   6.642591e-02
   2.990000e+02   7.099495e-02
   2.995000e+02   7.365177e-02
   3.000000e+02   7.074387e-02
   3.005000e+02   6.671156e-02
   3.010000e+02   6.700721e-02
   3.015000e+02   6.828062e-02
   3.020000e+02   6.889070e-02
   3.025000e+02   6.920782e-02
   3.030000e+02   7.150944e-02
   3.035000e+02   7.516299e-02
   3.040000e+02   7.652643e-02
   3.045000e+02   7.767094e-02
   3.050000e+02   8.026628e-02
   3.055000e+02   8.288985e-02
   3.060000e+02   8.369872e-02
   3.065000e+02   7.614599e-02
   3.070000e+02   7.270157e-02
   3.075000e+02   7.188880e-02
   3.080000e+02   7.132898e-02
   3.085000e+02   6.970108e-02
   3.090000e+02   6.647090e-02
   3.095000e+02   7.167104e-02
   3.100000e+02   5.615062e-02
   3.105000e+02   4.930843e-02
   3.110000e+02   4.698749e-02
   3.115000e+02   4.533852e-02
   3.120000e+02   4.381378e-02
   3.125000e+02   4.259907e-02
   3.130000e+02   4.203156e-02
   3.135000e+02   4.157533e-02
   3.140000e+02   4.106932e-02
   3.145000e+02   4.052792e-02
   3.150000e+02   4.021021e-02
   3.155000e+02   3.997109e-02
   3.160000e+02   3.974279e-02
   3.165000e+02   3.959833e-02
   3.170000e+02   3.969847e-02
   3.175000e+02   3.973663e-02
   3.180000e+02   3.966710e-02
   3.185000e+02   3.978297e-02
   3.190000e+02   4.011497e-02
   3.195000e+02   4.057129e-02
   3.200000e+02   4.091195e-02
   3.205000e+02   4.125474e-02
   3.210000e+02   4.154676e-02
   3.215000e+02   4.181914e-02
   3.220000e+02   4.222531e-02
   3.225000e+02   4.285034e-02
   3.230000e+02   4.361106e-02
   3.235000e+02   4.457122e-02
   3.240000e+02   4.542071e-02
   3.245000e+02   4.612807e-02
   3.250000e+02   4.659925e-02
   3.255000e+02   4.706617e-02
   3.260000e+02   4.777943e-02
   3.265000e+02   4.887706e-02
   3.270000e+02   5.165898e-02
   3.275000e+02   5.506598e-02
   3.280000e+02   6.136806e-02
   3.285000e+02   6.756327e-02
   3.290000e+02   6.525342e-02
   3.295000e+02   5.657209e-02
   3.300000e+02   5.331440e-02
   3.305000e+02   5.363802e-02
   3.310000e+02   4.612981e-02
   3.315000e+02   4.334064e-02
   3.320000e+02   4.297560e-02
   3.325000e+02   4.276236e-02
   3.330000e+02   4.257986e-02
   3.335000e+02   4.243768e-02
   3.340000e+02   4.367898e-02
   3.345000e+02   4.423320e-02
   3.350000e+02   4.963121e-02
   3.355000e+02   6.586486e-02
   3.360000e+02   9.202790e-02
   3.365000e+02   9.577274e-02
   3.370000e+02   8.934204e-02
   3.375000e+02   8.167047e-02
   3.380000e+02   7.938279e-02
   3.385000e+02   7.990870e-02
   3.390000e+02   8.149446e-02
   3.395000e+02   8.756290e-02
   3.400000e+02   8.914264e-02
   3.405000e+02   9.620707e-02
   3.410000e+02   1.024372e-01
   3.415000e+02   1.043197e-01
   3.420000e+02   1.028999e-01
   3.425000e+02   1.115724e-01
   3.430000e+02   9.765624e-02
   3.435000e+02   9.572036e-02
   3.440000e+02   9.543157e-02
   3.445000e+02   1.027211e-01
   3.450000e+02   1.002236e-01
   3.455000e+02   9.934344e-02
   3.460000e+02   1.032811e-01
   3.465000e+02   1.054719e-01
   3.470000e+02   1.076451e-01
   3.475000e+02   1.052516e-01
   3.480000e+02   9.860193e-02
   3.485000e+02   9.791893e-02
   3.490000e+02   1.041515e-01
   3.495000e+02   1.103845e-01
   3.500000e+02   1.011151e-01
   3.505000e+02   9.772189e-02
   3.510000e+02   1.057934e-01
   3.515000e+02   1.131939e-01
   3.520000e+02   1.243696e-01
   3.525000e+02   1.096892e-01
   3.530000e+02   9.129829e-02
   3.535000e+02   8.124598e-02
   3.540000e+02   7.396156e-02
   3.545000e+02   6.978289e-02
   3.550000e+02   6.649017e-02
   3.555000e+02   6.442804e-02
   3.560000e+02   6.808080e-02
   3.565000e+02   6.733624e-02
   3.570000e+02   5.935700e-02
   3.575000e+02   6.126975e-02
   3.580000e+02   6.551306e-02
   3.585000e+02   6.501632e-02
   3.590000e+02   6.661904e-02
   3.595000e+02   6.978447e-02
   3.600000e+02   7.687092e-02
   3.605000e+02   7.050288e-02
   3.610000e+02   7.056785e-02
   3.615000e+02   7.149816e-02
   3.620000e+02   5.823895e-02
   3.625000e+02   5.112917e-02
   3.630000e+02   5.062433e-02
   3.635000e+02   6.196716e-02
   3.640000e+02   8.197491e-02
   3.645000e+02   7.070307e-02
   3.650000e+02   8.110638e-02
   3.655000e+02   9.303927e-02
   3.660000e+02   7.701898e-02
   3.665000e+02   7.967073e-02
   3.670000e+02   8.181135e-02
   3.675000e+02   8.327352e-02
   3.680000e+02   8.539938e-02
   3.685000e+02   9.185258e-02
   3.690000e+02   9.498466e-02
   3.695000e+02   9.839150e-02
   3.700000e+02   1.166815e-01
   3.705000e+02   1.183702e-01
   3.710000e+02   9.583250e-02
   3.715000e+02   9.457442e-02
   3.720000e+02   9.085919e-02
   3.725000e+02   8.576354e-02
   3.730000e+02   8.969521e-02
   3.735000e+02   8.970535e-02
   3.740000e+02   9.106517e-02
   3.745000e+02   8.770718e-02
   3.750000e+02   8.033040e-02
   3.755000e+02   7.732737e-02
   3.760000e+02   7.503919e-02
   3.765000e+02   7.251853e-02
   3.770000e+02   7.201277e-02
   3.775000e+02   7.146382e-02
   3.780000e+02   4.936027e-02
   3.785000e+02   4.987260e-02
   3.790000e+02   4.823229e-02
   3.795000e+02   4.767257e-02
   3.800000e+02   4.951607e-02
   3.805000e+02   5.674497e-02
   3.810000e+02   6.251189e-02
   3.815000e+02   7.226300e-02
   3.820000e+02   9.381390e-02
   3.825000e+02   1.382016e-01
   3.830000e+02   8.520850e-02
   3.835000e+02   7.675644e-02
   3.840000e+02   7.317679e-02
   3.845000e+02   6.907281e-02
   3.850000e+02   6.748079e-02
   3.855000e+02   6.372657e-02
   3.860000e+02   6.011636e-02
   3.865000e+02   5.703649e-02
   3.870000e+02   5.515381e-02
   3.875000e+02   5.392298e-02
   3.880000e+02   5.178717e-02
   3.885000e+02   5.068143e-02
   3.890000e+02   5.768575e-02
   3.895000e+02   6.614169e-02
   3.900000e+02   6.558700e-02
   3.905000e+02   6.738477e-02
   3.910000e+02   6.349390e-02
   3.915000e+02   6.073368e-02
   3.920000e+02   5.826881e-02
   3.925000e+02   5.693536e-02
   3.930000e+02   5.250446e-02
   3.935000e+02   5.142950e-02
   3.940000e+02   5.113755e-02
   3.945000e+02   5.099550e-02
   3.950000e+02   4.941988e-02
   3.955000e+02   4.981235e-02
   3.960000e+02   4.976064e-02
   3.965000e+02   4.872740e-02
   3.970000e+02   4.937277e-02
   3.975000e+02   4.541355e-02
   3.980000e+02   4.372694e-02
   3.985000e+02   4.216341e-02
   3.990000e+02   4.093761e-02
   3.995000e+02   3.988825e-02
   4.000000e+02   3.906150e-02
   4.005000e+02   3.947635e-02
   4.010000e+02   3.994256e-02
   4.015000e+02   3.868061e-02
   4.020000e+02   3.742665e-02
   4.025000e+02   3.730332e-02
   4.030000e+02   3.718480e-02
   4.035000e+02   3.711306e-02
   4.040000e+02   3.714734e-02
   4.045000e+02   3.750738e-02
   4.050000e+02   3.825107e-02
   4.055000e+02   3.924758e-02
   4.060000e+02   4.046757e-02
   4.065000e+02   4.341602e-02
   4.070000e+02   4.883783e-02
   4.075000e+02   5.484966e-02
   4.080000e+02   5.616939e-02
   4.085000e+02   6.022467e-02
   4.090000e+02   6.524608e-02
   4.095000e+02   6.958074e-02
   4.100000e+02   7.495657e-02
   4.105000e+02   7.846501e-02
   4.110000e+02   8.277170e-02
   4.115000e+02   8.566479e-02
   4.120000e+02   8.276479e-02
   4.125000e+02   7.937860e-02
   4.130000e+02   7.524934e-02
   4.135000e+02   7.129358e-02
   4.140000e+02   6.901342e-02
   4.145000e+02   6.911027e-02
   4.150000e+02   7.234494e-02
   4.155000e+02   6.992278e-02
   4.160000e+02   6.800119e-02
   4.165000e+02   6.044383e-02
   4.170000e+02   6.260369e-02
   4.175000e+02   6.116449e-02
   4.180000e+02   5.668124e-02
   4.185000e+02   5.673159e-02
   4.190000e+02   5.854904e-02
   4.195000e+02   6.028438e-02
   4.200000e+02   6.243331e-02
   4.205000e+02   7.102131e-02
   4.210000e+02   7.151234e-02
   4.215000e+02   8.088700e-02
   4.220000e+02   9.139106e-02
   4.225000e+02   1.097485e-01
   4.230000e+02   6.499798e-02
   4.235000e+02   6.952244e-02
   4.240000e+02   9.267515e-02
   4.245000e+02   6.931612e-02
   4.250000e+02   5.715472e-02
   4.255000e+02   5.589684e-02
   4.260000e+02   5.859305e-02
   4.265000e+02   5.670597e-02
   4.270000e+02   4.825894e-02
   4.275000e+02   4.454148e-02
   4.280000e+02   4.257249e-02
   4.285000e+02   4.179023e-02
   4.290000e+02   4.237782e-02
   4.295000e+02   4.714423e-02
   4.300000e+02   5.348521e-02
   4.305000e+02   5.325309e-02
   4.310000e+02   5.100979e-02
   4.315000e+02   5.142497e-02
   4.320000e+02   5.023114e-02
   4.325000e+02   4.900559e-02
   4.330000e+02   4.667464e-02
   4.335000e+02   4.438148e-02
   4.340000e+02   4.338424e-02
   4.345000e+02   4.318277e-02
   4.350000e+02   4.293195e-02
   4.355000e+02   4.225771e-02
   4.360000e+02   4.007905e-02
   4.365000e+02   4.004738e-02
   4.370000e+02   4.216001e-02
   4.375000e+02   4.407172e-02
   4.380000e+02   4.561219e-02
   4.385000e+02   4.797321e-02
   4.390000e+02   5.096947e-02
   4.395000e+02   5.460969e-02
   4.400000e+02   6.138721e-02
   4.405000e+02   7.699755e-02
   4.410000e+02   5.931100e-02
   4.415000e+02   4.813471e-02
   4.420000e+02   4.492632e-02
   4.425000e+02   4.333403e-02
   4.430000e+02   4.251599e-02
   4.435000e+02   4.214011e-02
   4.440000e+02   4.185694e-02
   4.445000e+02   4.260037e-02
   4.450000e+02   4.482504e-02
   4.455000e+02   5.109627e-02
   4.460000e+02   5.260397e-02
   4.465000e+02   5.099270e-02
   4.470000e+02   4.949032e-02
   4.475000e+02   4.848345e-02
   4.480000e+02   4.786131e-02
   4.485000e+02   4.834333e-02
   4.490000e+02   4.920052e-02
   4.495000e+02   4.869831e-02
   4.500000e+02   4.726437e-02
   4.505000e+02   4.571664e-02
   4.510000e+02   4.461489e-02
   4.515000e+02   4.404172e-02
   4.520000e+02   4.697415e-02
   4.525000e+02   5.092645e-02
   4.530000e+02   5.225101e-02
   4.535000e+02   5.094564e-02
   4.540000e+02   4.940297e-02
   4.545000e+02   4.910239e-02
   4.550000e+02   4.872050e-02
   4.555000e+02   4.646782e-02
   4.560000e+02   4.423070e-02
   4.565000e+02   4.281667e-02
   4.570000e+02   4.235053e-02
   4.575000e+02   4.151584e-02
   4.580000e+02   4.079808e-02
   4.585000e+02   4.004101e-02
   4.590000e+02   3.854246e-02
   4.595000e+02   3.731602e-02
   4.600000e+02   3.673741e-02
   4.605000e+02   3.586298e-02
   4.610000e+02   3.711586e-02
   4.615000e+02   3.833391e-02
   4.620000e+02   3.940707e-02
   4.625000e+02   3.958180e-02
   4.630000e+02   3.907830e-02
   4.635000e+02   3.756024e-02
   4.640000e+02   3.605495e-02
   4.645000e+02   3.545137e-02
   4.650000e+02   3.619508e-02
   4.655000e+02   3.788242e-02
   4.660000e+02   4.000559e-02
   4.665000e+02   4.162281e-02
   4.670000e+02   4.239192e-02
   4.675000e+02   4.195801e-02
   4.680000e+02   4.062431e-02
   4.685000e+02   3.932288e-02
   4.690000e+02   3.875263e-02
   4.695000e+02   3.807382e-02
   4.700000e+02   3.745243e-02
   4.705000e+02   3.686003e-02
   4.710000e+02   3.627034e-02
   4.715000e+02   3.594436e-02
   4.720000e+02   3.609782e-02
   4.725000e+02   4.117531e-02
   4.730000e+02   7.322972e-02
   4.735000e+02   6.744078e-02
   4.740000e+02   6.082102e-02
   4.745000e+02   5.516867e-02
   4.750000e+02   5.137382e-02
   4.755000e+02   4.845495e-02
   4.760000e+02   4.613066e-02
   4.765000e+02   4.420512e-02
   4.770000e+02   4.303843e-02
   4.775000e+02   4.248301e-02
   4.780000e+02   4.169743e-02
   4.785000e+02   4.120277e-02
   4.790000e+02   4.091905e-02
   4.795000e+02   4.107548e-02
   4.800000e+02   4.120833e-02
   4.805000e+02   5.315819e-02
   4.810000e+02   5.917588e-02
   4.815000e+02   6.551769e-02
   4.820000e+02   6.699769e-02
   4.825000e+02   6.686034e-02
   4.830000e+02   6.787711e-02
   4.835000e+02   6.990107e-02
   4.840000e+02   7.195472e-02
   4.845000e+02   7.704677e-02
   4.850000e+02   8.088605e-02
   4.855000e+02   7.843957e-02
   4.860000e+02   7.692283e-02
   4.865000e+02   7.688496e-02
   4.870000e+02   7.892540e-02
   4.875000e+02   7.654556e-02
   4.880000e+02   5.401700e-02
   4.885000e+02   5.001169e-02
   4.890000e+02   4.584419e-02
   4.895000e+02   4.186700e-02
   4.900000e+02   3.881032e-02
   4.905000e+02   3.691719e-02
   4.910000e+02   3.807188e-02
   4.915000e+02   4.142434e-02
   4.920000e+02   4.484957e-02
   4.925000e+02   4.709022e-02
   4.930000e+02   4.860726e-02
   4.935000e+02   4.943588e-02
   4.940000e+02   4.954981e-02
   4.945000e+02   5.033013e-02
   4.950000e+02   5.085732e-02
   4.955000e+02   5.243667e-02
   4.960000e+02   5.291693e-02
   4.965000e+02   5.445426e-02
   4.970000e+02   5.633400e-02
   4.975000e+02   5.996506e-02
   4.980000e+02   7.078855e-02
   4.985000e+02   7.267381e-02
   4.990000e+02   7.738736e-02
   4.995000e+02   8.695259e-02
   5.000000e+02   8.666276e-02
   5.005000e+02   8.056566e-02
   5.010000e+02   7.930674e-02
   5.015000e+02   7.918265e-02
   5.020000e+02   7.786502e-02
   5.025000e+02   7.602519e-02
   5.030000e+02   7.327387e-02
   5.035000e+02   7.402769e-02
   5.040000e+02   7.231647e-02
   5.045000e+02   6.794058e-02
   5.050000e+02   6.340461e-02
   5.055000e+02   5.071776e-02
   5.060000e+02   3.667926e-02
   5.065000e+02   3.592934e-02
   5.070000e+02   3.521993e-02
   5.075000e+02   3.455778e-02
   5.080000e+02   3.386889e-02
   5.085000e+02   3.347363e-02
   5.090000e+02   3.335210e-02
   5.095000e+02   3.342942e-02
   5.100000e+02   3.428045e-02
   5.105000e+02   3.587848e-02
   5.110000e+02   4.820829e-02
   5.115000e+02   4.722480e-02
   5.120000e+02   4.624075e-02
   5.125000e+02   4.457712e-02
   5.130000e+02   4.444689e-02
   5.135000e+02   4.385754e-02
   5.140000e+02   4.339790e-02
   5.145000e+02   4.313303e-02
   5.150000e+02   4.288333e-02
   5.155000e+02   4.234268e-02
   5.160000e+02   4.227135e-02
   5.165000e+02   4.242554e-02
   5.170000e+02   4.251037e-02
   5.175000e+02   4.260608e-02
   5.180000e+02   4.281151e-02
   5.185000e+02   4.306331e-02
   5.190000e+02   4.317958e-02
   5.195000e+02   4.382690e-02
   5.200000e+02   4.440577e-02
   5.205000e+02   4.640765e-02
   5.210000e+02   4.572015e-02
   5.215000e+02   4.412580e-02
   5.220000e+02   3.961511e-02
   5.225000e+02   4.054042e-02
   5.230000e+02   4.130112e-02
   5.235000e+02   4.234049e-02
   5.240000e+02   4.419568e-02
   5.245000e+02   4.653564e-02
   5.250000e+02   4.756335e-02
   5.255000e+02   4.729314e-02
   5.260000e+02   4.966274e-02
   5.265000e+02   4.752258e-02
   5.270000e+02   4.437020e-02
   5.275000e+02   3.950356e-02
   5.280000e+02   4.005132e-02
   5.285000e+02   4.041108e-02
   5.290000e+02   4.071750e-02
   5.295000e+02   4.132043e-02
   5.300000e+02   4.206605e-02
   5.305000e+02   4.315341e-02
   5.310000e+02   4.433635e-02
   5.315000e+02   4.417318e-02
   5.320000e+02   4.338637e-02
   5.325000e+02   4.498000e-02
   5.330000e+02   4.591546e-02
   5.335000e+02   5.363776e-02
   5.340000e+02   4.948508e-02
   5.345000e+02   4.384395e-02
   5.350000e+02   4.107934e-02
   5.355000e+02   3.967316e-02
   5.360000e+02   3.821182e-02
   5.365000e+02   3.703321e-02
   5.370000e+02   3.636751e-02
   5.375000e+02   3.567578e-02
   5.380000e+02   3.497144e-02
   5.385000e+02   3.445882e-02
   5.390000e+02   4.067266e-02
   5.395000e+02   4.424705e-02
   5.400000e+02   4.873412e-02
   5.405000e+02   5.753717e-02
   5.410000e+02   5.975494e-02
   5.415000e+02   6.136904e-02
   5.420000e+02   6.360928e-02
   5.425000e+02   6.604527e-02
   5.430000e+02   6.888518e-02
   5.435000e+02   7.275521e-02
   5.440000e+02   7.775559e-02
   5.445000e+02   8.667652e-02
   5.450000e+02   1.174040e-01
   5.455000e+02   1.284071e-01
   5.460000e+02   1.239911e-01
   5.465000e+02   1.213966e-01
   5.470000e+02   1.224924e-01
   5.475000e+02   1.222934e-01
   5.480000e+02   1.256221e-01
   5.485000e+02   1.061948e-01
   5.490000e+02   9.539969e-02
   5.495000e+02   7.942502e-02
   5.500000e+02   6.868032e-02
   5.505000e+02   5.889080e-02
   5.510000e+02   5.360297e-02
   5.515000e+02   4.976951e-02
   5.520000e+02   4.789068e-02
   5.525000e+02   4.598165e-02
   5.530000e+02   4.435081e-02
   5.535000e+02   4.292673e-02
   5.540000e+02   4.222383e-02
   5.545000e+02   4.117555e-02
   5.550000e+02   3.988469e-02
   5.555000e+02   3.895507e-02
   5.560000e+02   3.847986e-02
   5.565000e+02   3.809552e-02
   5.570000e+02   3.768340e-02
   5.575000e+02   3.741287e-02
   5.580000e+02   3.744102e-02
   5.585000e+02   3.867198e-02
   5.590000e+02   3.957519e-02
   5.595000e+02   4.031282e-02
   5.600000e+02   4.986014e-02
   5.605000e+02   4.479638e-02
   5.610000e+02   3.915706e-02
   5.615000e+02   3.722213e-02
   5.620000e+02   3.513265e-02
   5.625000e+02   3.309582e-02
   5.630000e+02   3.128110e-02
   5.635000e+02   2.989988e-02
   5.640000e+02   2.827846e-02
   5.645000e+02   2.763412e-02
   5.650000e+02   2.854845e-02
   5.655000e+02   2.398515e-02
   5.660000e+02   1.563486e-02
   5.665000e+02   1.513656e-02
   5.670000e+02   1.543114e-02
   5.675000e+02   1.525794e-02
   5.680000e+02   1.419159e-02
   5.685000e+02   1.362822e-02
   5.690000e+02   1.270119e-02
   5.695000e+02   1.241704e-02
   5.700000e+02   1.252724e-02
   5.705000e+02   1.508035e-02
   5.710000e+02   1.053506e-02
   5.715000e+02   2.087693e-03
   5.720000e+02   0.000000e+00
